1681003391
1236707813
1947007953
1686043324
1722433801
1356912732
1566247422
1716333634
1871554652
2132504500
1872975710
1741022267
1449910215
1764979614
2140261103
2636964200
1735266424
2158615682
1134046140
1031197954
2833894940
1903873015
1964996065
1082316912
1715019237
1791503197
1446184783
2257549602
1506931703
1490204264
1781762497
4289927
1747513637
1276669613
1865897154
1352596155
1867513952
1633047072
1251561977
1696917023
1744232652
1892426582
1778751515
1813482925
1232735824
1727639347
2474791414
1778904627
1984674592
1697176581
1841633813
2116585062
2806442970
1359739324
2134817881
1258830234
1266005134
1452347527
1726397035
2049367217
1165517815
1773827445
1684956587
1747486530
1761571781
1956496595
1767692822
2638684610
1247952801
1709135283
1687420922
1007974370
1841977773
2177403760
1635169251
1199079471
1711549703
1444246021
1147779364
1497591697
1723372430
2884610834
1855907781
1498869412
1839240834
1863805237
1272743804
2060619551
1776745487
2232692763
1657094040
1808418750
1847133075
1864518081
1879126157
1029190642
1803734662
2530636002
2732950860
1604576231
1735273705
2499823914
2032384913
2105150927
2502352443
1892093722
1905356604
2122875584
1416344820
2173945694
1900801837
1902051334
1972778117
1402788663
1910257245
1736278401
2001939622
2428895977
2056945890
3043232090
1404316771
2497180380
1049822824
2311229770
1967851820
2185193052
2012348080
1940960484
1737967972
1676618437
1401859941
1680262633
1683339733
1808862524
1260166997
1620842131
2035399422
1801680944
1391713591
1623803433
1089171801
2059974921
1900454391
1278226564
1740294640
1647693882
2623200925
1681351060
1935913243
1917207380
2096790781
1742990944
2294261835
1774198223
1795375637
1744360950
2004688227
1958456923
1831691251
1428454357
1497642751
1902241584
1808075220
2005587605
1316118380
2120638300
1863516905
1791408123
1686274650
1749238725
1458262773
1770616794
1652365664
1661799944
1275782060
1302761904
1707843232
1793788884
1719859222
1073689997
1425772632
1232402347
1768184171
2808100505
1982725985
1662442650
2232284340
1452820591
1921484963
1861062513
1478305375
2880520114
1730656110
2473842201
1704089367
1196329484
1070639357
2485244914
2683830092
1855136003
2119766314
1870737544
1925606981
2033198604
2036360650
2033272844
1740863045
2417183981
1692047580
1401033762
1438493405
1926023962
1832280624
1936737975
1361034172
1813409142
1762533420
1998952475
2458456012
1072663814
1093294002
1686549065
2178510875
2068887545
1888109832
1505439734
1676417550
2162654673
2270587460
1802144634
1763103540
1335912494
1782687063
1676524753
1860630350
1768272414
1463452822
1964824313
1706384724
1336302037
2184096567
1790909817
1875029855
1914995180
2079097014
2889565377
1773061974
1433804711
1970614857
1737539637
1751096430
1747708661
1243760883
2142967025
1453761513
1670114364
1900451051
2729076412
2718859114
1622985651
1893742174
1984852724
1941976782
1905364502
1766439467
1470383857
1340426274
1971431022
1431362435
1334782454
1900962601
1980568434
1223284143
1408571065
2055580803
1408664707
1699492463
1622421725
1348902553
2152932532
1786885317
1285288925
1860083391
1888230280
2540673742
1681474831
1867547210
1845721712
1355038351
1747171760
1454315124
1012745944
1761240902
1867006892
1707859752
2011256615
1728610441
1845675654
1497205500
1865984224
1762943122
1812314874
1035318380
1669729085
2562084755
1885279010
1964151205
1840371552
1805841652
1900708622
1439411820
1807662841
1763825350
1893346370
1603969003
1886721791
1028705947
2100214274
1496969921
2082532207
1776508395
1909651250
1748059343
1496948077
1924390995
1708238255
1908969190
2827609542
1619153270
1938798267
2707034300
2683567151
2915908134
1913051934
1664014770
2100748082
2733791532
2100514874
1982339580
1742851120
1686368145
1593640392
1905114252
1912004725
1963883883
1923110113
1863716232
2429697613
1776461345
1800124021
1880817960
1902941062
1350230807
1324215414
2245268685
1796852111
1243811815
1804708501
1348883261
1916393385
1687001214
1644271817
1788753011
1251206734
1653961060
1775933867
1781626494
1467609153
1721859160
2673689521
1745775005
2414863151
1858793400
1636141274
1913940882
1801659314
1842047065
1749972091
1882334852
1410298395
2462556594
2520911442
1718486643
1909461940
2635848501
2147437905
1427316530
2248783747
1685165427
1132924430
1900539905
1840582080
2028775835
1802058730
1400189200
1279366577
1550423587
1750765385
1431212470
2683123284
1166922240
1989855753
1787395772
1982095763
2476918604
1893002861
1160708861
1465877332
1089017397
1956730600
1691192972
1206850404
1241282897
1568893092
1768139784
1248130945
1686032010
1722071484
2041028560
2362845471
2642711652
1166806734
1733308183
1822785942
1857034694
1067451983
1793327452
1747081725
1813614464
1361020665
2644019270
1765522282
1639763842
1770335247
1721943141
1230108030
2573766562
1396719695
1832025874
1861541214
2682773853
1874147105
2859813984
1915345425
1714836917
1592651913
1678324794
1689217872
1227286212
1350525590
2304663561
1864738470
1732953640
1890928415
2013038762
1894287893
2163043102
2184226787
1711704715
1684012021
1792112930
1646256114
2634861454
2552253701
2101643825
1665247047
1256335382
2123020405
1468388954
1802990313
1709394472
1745815402
1691234055
2524060872
1141021975
1865641930
1429780541
1806236163
2622561340
1865168580
1893638985
1283104544
1742941454
1459678260
1813370740
1905419690
2154346401
1922139497
1865565352
1804978207
1396903365
1998952377
1301659210
1036051453
1794972112
1402831843
2538736103
1814692400
1862559834
2175766815
1896842044
1266555405
1263361605
1686576702
2012397590
1871714401
1794631052
1797093427
1786849593
2089735615
2673587113
1686663712
1752395484
1985752611
1939636720
1768743992
2330577522
1875726401
1404264702
2574486372
1805352962
1645769494
1684958161
1997658361
1335730513
1898205200
2012789065
1336886245
1469895824
1401585640
2129363697
1340701557
2088058217
1038556097
1796636330
2156554800
2883993372
1627182202
2509807312
1660888563
1771301323
1653877605
1790105132
1792230264
1686588387
1497037460
1809496322
2459549437
1376953025
2010792602
1906135920
2020031895
2239078474
1630249195
3106150445
1429076970
2758976822
1991045362
1445972603
1659952632
2313267780
2505450672
2319495852
2036379644
1686583522
2166878492
1631030551
1604367562
1973877410
1405686180
2147414472
1676026791
1498645595
1729623082
1644492510
1394845097
2147574111
1401691371
1692663802
2099386011
1876437787
1535896071
1700272601
2105026112
1988261321
1800078605
2106982332
1059694602
1234607312
1658171012
1384601875
1982015924
2496934914
1278449860
2081672135
1049239013
1857247220
1660297567
1806037081
1886524420
1787923185
1760666082
1425233350
1405869050
1943056824
1402464702
1975597191
1835517197
2634604872
2033428574
2313631970
1722497370
1962663765
1808371014
1258609013
1985415844
2521819514
2172037952
1913465347
1829703275
1679485807
1799663614
1829871184
1906933201
2125009437
2554404125
1863486080
1803339931
1900332032
2025709067
1880305570
1808058840
2216805890
1742929101
1826030875
1644492887
1736134015
1658240902
1705911330
1161638890
1319475951
1732498521
1927754467
1490372622
1644260805
2292730905
1674515361
2060763253
1441537853
1776068052
1904184457
1733946932
2104417751
2203805650
1750010285
1108298244
1735900612
2119368387
1789876173
2209088072
1222691972
2004123075
2100898752
1403142443
1986799445
1701187297
2162383454
1658434462
2203260722
1671972623
2006724677
1800207163
2661984053
1343837913
1049366697
2024103653
2579645124
2258937124
1593636557
1965647042
1928788347
1456263105
2270763583
1423232653
1678518225
2463674924
1960635525
2164543307
1930398945
1842933151
1780420824
1911726313
1497071062
2812708253
1496962015
1902027682
1912935571
1198213514
1413333253
1765231107
2395045664
1746966225
1282631863
1240275042
2055508877
2274470974
1944492552
1901919550
2258696982
1400092815
1450063597
2349700584
1558578472
1739855950
1733498464
1402920221
1678560831
1348745297
1259608872
1498583405
1778626022
2453150864
1671636110
1510122503
1578869022
1279884602
1863843674
1059683174
1497005092
2006751680
1414854457
1722934994
1633147815
1768956364
1901782622
1864536485
1262975593
1498746193
1694185424
1630774305
1749581351
1740043262
1224634130
1799027090
1479833190
2235764192
1626446541
1074114235
1930249613
1497118585
1911925423
1747602463
2236573614
1646987411
1255481435
1249856333
2217675881
1740286665
1053773250
1768533820
2003173357
1676664981
1453318191
1846509641
1106167023
1712920655
1911751164
1669372564
2165252611
1354258033
1784694190
1707288460
1617195790
1709331653
2783616044
2013816780
1952642003
1772821780
1849552570
1561633892
1377627062
1061902425
1931971507
1737896792
1806232984
1723046585
1434273737
1365717431
1990424431
1599928625
1986786705
1759309197
1969663824
1927668280
1957290114
2653950744
2521892764
2015854237
2203927230
1617732512
1858098082
1707673862
1433313435
1763154532
1752037362
1759669555
1690380611
1636040470
1427856530
1746960272
1582797813
2006480904
1867939843
1881967323
1850546134
2402279691
1703427342
2498714002
1733690890
1453098070
1826247894
1615918653
1882549025
1965937477
2098273175
1140484460
1891221544
1764433667
1957774445
1253460062
2146684811
2033526943
1732344864
2505617164
2873581740
1633253997
1902009514
1228030010
1768682454
1651190807
1991375362
2132369574
1904076570
1679556892
1223240311
1747509331
1605976737
1653415943
1723439365
1915350660
1242839362
1749875025
1782303644
1453199625
1670430005
1718974144
1346562261
1401239117
1403355252
1893993941
1645779791
1973649652
1400637082
1752176224
2117955007
1818606460
1497200102
1664180272
2129939252
1737997057
1385548253
2293966273
1800771175
1049178383
1065649994
1703513397
1882360290
1400656635
1999004031
1767540742
2126874027
1497855875
1834275962
1752886263
1957637871
2034501620
1708727373
2513058074
1845984553
2318762384
1890925190
1951570665
1791154091
1303899823
1728244262
1746645044
1493284002
1325741757
1996196373
2099424632
1733605032
1968375687
1656328715
1946602700
1247061470
2100879270
1925994067
1278678353
1679086240
2764629597
1151506567
1789495100
1734563011
1685275042
2255274260
1914797913
1634060923
1769717474
1994256813
2117081124
1448000142
1764763785
1949701935
1863071962
1653165833
1985578083
1717359462
1577514383
1858678862
2164331514
1745554871
1883728114
1764057082
1767258180
1912739761
2495067400
1652955075
1678271603
2129112401
2259285352
2125697453
2295672630
1772082200
1725861442
2347968405
1772433434
1988393311
1407728592
1870872333
1586493390
2137829863
1718329174
1761843394
1788662864
1463457672
1942286621
2652464163
2004739847
2313073213
1904969615
1498110702
1687180372
1905762220
1671435093
1955590280
1075468745
1793763352
1901622334
2463796647
1063661070
1764862112
1778404192
1929432865
2537761794
2414419754
1787837154
1602205730
1238811972
1872042057
2048304432
1985629304
1863293072
2063013255
1909568347
1992310691
2831995320
1747090963
2479793454
2519697114
1990273720
2167234130
2115475292
2105078192
1134978803
1274079867
1617429962
2147012814
1925464755
1835522843
2297199692
1575151604
1676095091
1895964053
1280123652
1908940214
1775080450
1260100362
1787500481
1652719463
1343886083
1875396051
1795010540
2093300001
1628735740
1642677653
1409348145
1658204287
1868026540
2018533947
1462999782
1799920031
1264341240
1893161330
1176120901
1018162920
1867517512
1644077197
1806473870
1592589621
1426113767
1496854453
1658262850
1852651781
1958663823
2270268484
1086667714
1861953872
2655864912
2721488300
2119691090
1740565784
1616247495
1748813333
1402501532
2345209181
1279378890
1916958327
2269067472
1865521177
1984048753
1990278732
1829852283
2797342630
2961036962
1837461850
1667975240
2130536721
1957307072
1653737714
1426899340
1765497190
2401205194
2294040303
1823787462
1907056614
2488376832
2516036141
1671238900
1738031372
1471129462
1871474531
1704707771
1410913605
1497023964
1684492553
1280280180
1793419110
1403711481
2185739184
1678353792
1236639581
1996741087
1445318497
2058514870
1963472975
1688086815
1910619010
1982036724
2028377293
1689211092
1222908674
1670805383
2100416965
2818732772
2077690457
2624187921
1171418901
1849917207
1899071860
1898242573
1691164741
1767856142
2665500633
2096316545
1866920377
1969662272
1334629165
1498148350
1993923923
1880141290
2072774917
1678610290
1892991034
2304061865
1962222975
1874371585
1173129437
1989337080
1984525175
1672291103
1642361535
1928160517
2280730932
1980676973
1143774603
1787939327
1913850660
1704643302
1763019692
1704156702
1614791093
1891421822
2009354235
1686823695
1917010900
1984712667
1735941597
1654170837
1769646443
2084927141
1917885942
2012994230
2566062422
1619119777
1879662134
1746644837
1996996467
1400613755
2189265702
2144957801
2123357181
2938580912
1232422307
2914981684
1911838560
3063017783
1883792162
2883756290
1990277760
2782512834
1889837414
2239388920
2733720474
2100091924
2427330632
1065924111
1963160235
1882331870
1201489165
1937411105
1928720351
1297471083
1664437553
1714470611
1870761080
1684032952
1348773953
1778373663
1243684031
1970877755
1498169387
1878911560
1784693904
1771239251
1919030552
1928285657
1877126605
1735854381
1413774215
1968181333
1829146941
1236617903
1678477317
1738356813
1653875682
1791978011
1730849364
1352803201
1837993932
1721570054
1615919133
1940608625
1705984034
1770999204
1884528243
2106942534
1916840421
1197362373
1686796290
1864918780
1790440901
1890491414
1884757693
1590928004
1937288491
2587723004
2367512995
1497068760
1770452954
1450473425
1025883675
1282098407
1426988920
1888276437
2021402437
1904365791
1835539930
1790174894
1736739765
1878875315
2154676880
1903816073
1786797081
1698759513
1658766237
2600483370
1009314321
1861962442
2282817520
1693212334
1702128822
1966104695
2093617087
1978084181
1999726011
1911422897
1988527411
1603936694
1924647693
1968637483
2719338652
1618289365
1978744197
2018736307
1768946020
2656487630
1657302067
2140449522
1896337003
2274560122
1786450134
1737606851
2011807864
1752692537
1874149037
2180165101
1361045083
1670278464
1430779492
2437122097
2280066464
1999642551
1883602840
1727543350
1143854062
1873304882
1723049103
1403077037
1971942163
1656323125
1968245222
2102967090
1336583453
2272998294
2048660793
2043931673
1906429322
1866454581
1989996482
1791600915
1895468985
1761693372
1688556061
1380270807
1775835693
1006785137
1891967480
1680759471
1814904852
1604239013
1765456162
1806212212
1649156322
1783521684
1585709710
1878897980
1652904441
1766216924
1151482283
1733143661
1688757271
1731827504
1401412332
2624682894
1887457580
1933149167
1980996741
2405458871
2013665623
2038235635
2344695454
1665642805
1768924464
2526371597
1769535912
1882449682
1892000492
1903162100
2215041244
1455418104
2337005830
1615044853
1927461661
1749012761
1423606021
2416076927
1954598267
1603049935
1614120915
1887260032
1418413524
2392693274
2269920325
2684404001
2827614924
2097575755
1811891453
1464089597
2961012942
1928859652
2015602463
1791873647
1862397175
3229001062
1785650581
2019074613
1748962295
2012927064
2607960732
1920096535
1473711747
2100679942
1400779943
1867018902
1762294335
1830312460
1969845322
1886236291
1735776234
1766228292
1797603817
1746673392